0 0.29244791666666664 0.46574074074074073 0.12760416666666666 0.22592592592592595
0 0.37838541666666664 0.8226851851851852 0.18177083333333333 0.3527777777777778
0 0.38515625 0.6106481481481482 0.14427083333333332 0.22870370370370371
0 0.08515625 0.8935185185185186 0.1671875 0.2111111111111111
0 0.8958333333333334 0.912962962962963 0.19479166666666667 0.17222222222222222
0 0.6026041666666666 0.48564814814814816 0.10729166666666666 0.1787037037037037
0 0.4786458333333333 0.3699074074074074 0.08125 0.13796296296296298
0 0.35234375 0.2847222222222222 0.07239583333333333 0.11574074074074074
0 0.5890625 0.2837962962962963 0.07291666666666667 0.13796296296296298
0 0.73515625 0.3513888888888889 0.1015625 0.19166666666666668
0 0.9091145833333333 0.45 0.12239583333333333 0.18703703703703706
0 0.790625 0.2476851851851852 0.084375 0.11018518518518519
0 0.65546875 0.17916666666666667 0.057812499999999996 0.09907407407407408
0 0.7268229166666667 0.1486111111111111 0.06302083333333333 0.08055555555555556
0 0.4640625 0.20185185185185187 0.05416666666666667 0.08888888888888889
0 0.3854166666666667 0.16342592592592592 0.05625 0.08611111111111111
0 0.4049479166666667 0.10555555555555556 0.0421875 0.05740740740740741
0 0.4864583333333333 0.12916666666666668 0.04583333333333333 0.06944444444444445
0 0.55546875 0.16990740740740742 0.044270833333333336 0.07685185185185185
0 0.628125 0.12222222222222223 0.04791666666666666 0.06666666666666667
0 0.6627604166666666 0.07361111111111111 0.043229166666666666 0.06574074074074074
0 0.54921875 0.1 0.044270833333333336 0.06666666666666667
0 0.4635416666666667 0.07361111111111111 0.03958333333333333 0.05277777777777778
0 0.39479166666666665 0.06157407407407408 0.03333333333333333 0.049074074074074076
0 0.5442708333333334 0.050462962962962966 0.034375 0.04537037037037037
