2 0.9166666666666666 0.8212962962962963 0.165625 0.35555555555555557
0 0.6049479166666667 0.5356481481481482 0.13802083333333334 0.3212962962962963
0 0.7606770833333333 0.22175925925925927 0.07552083333333333 0.10277777777777779
0 0.5838541666666667 0.11018518518518519 0.05625 0.13148148148148148
0 0.7096354166666666 0.1300925925925926 0.050520833333333334 0.07685185185185185
0 0.4830729166666667 0.1625 0.05260416666666667 0.08611111111111111
0 0.4119791666666667 0.12592592592592594 0.052083333333333336 0.06851851851851852
0 0.48203124999999997 0.08935185185185185 0.03697916666666667 0.058333333333333334
0 0.6825520833333333 0.04351851851851852 0.033854166666666664 0.05740740740740741
0 0.3932291666666667 0.9125000000000001 0.15416666666666667 0.17314814814814816
1 0.5119791666666667 0.0375 0.06979166666666667 0.07314814814814816
