2 0.771875 0.43333333333333335 0.159375 0.2351851851851852
0 0.653125 0.7240740740740741 0.15520833333333334 0.2796296296296296
0 0.4005208333333333 0.6472222222222223 0.11979166666666667 0.24814814814814815
0 0.5666666666666667 0.35462962962962963 0.09270833333333334 0.2111111111111111
0 0.8299479166666667 0.3041666666666667 0.10260416666666666 0.15462962962962964
0 0.7135416666666666 0.13472222222222222 0.05625 0.0712962962962963
0 0.4145833333333333 0.13148148148148148 0.052083333333333336 0.06481481481481481
0 0.5828125 0.06620370370370371 0.04791666666666666 0.10648148148148148
0 0.5080729166666667 0.0976851851851852 0.044270833333333336 0.05092592592592593
0 0.6901041666666666 0.07546296296296297 0.036458333333333336 0.05462962962962963
