0 0.6315104166666666 0.5601851851851852 0.12552083333333333 0.21666666666666667
0 0.4010416666666667 0.7435185185185186 0.134375 0.32222222222222224
0 0.4497395833333333 0.300462962962963 0.0765625 0.14166666666666666
0 0.6322916666666667 0.33194444444444443 0.07083333333333333 0.13425925925925927
0 0.8114583333333333 0.2935185185185185 0.08645833333333333 0.13148148148148148
0 0.61484375 0.24212962962962964 0.06510416666666667 0.09166666666666667
0 0.4752604166666667 0.18981481481481483 0.0609375 0.09814814814814815
0 0.41770833333333335 0.13842592592592592 0.052083333333333336 0.0712962962962963
0 0.5971354166666667 0.17685185185185187 0.049479166666666664 0.08518518518518518
0 0.7171875 0.13657407407407407 0.053125 0.08611111111111111
0 0.56953125 0.09861111111111112 0.0453125 0.10092592592592593
0 0.50703125 0.10462962962962963 0.04635416666666667 0.06481481481481481
2 0.6388020833333333 0.06481481481481481 0.0421875 0.08888888888888889
