0 0.7041666666666666 0.7087962962962964 0.17291666666666666 0.25833333333333336
0 0.6924479166666666 0.5083333333333333 0.0984375 0.19074074074074074
2 0.5690104166666666 0.46111111111111114 0.1015625 0.22222222222222224
0 0.13671875 0.8157407407407408 0.18802083333333333 0.312962962962963
0 0.18880208333333334 0.3092592592592593 0.09947916666666666 0.12407407407407407
0 0.08619791666666667 0.22083333333333335 0.07864583333333333 0.10462962962962963
0 0.46171875 0.23240740740740742 0.0953125 0.1
0 0.6177083333333333 0.25416666666666665 0.11770833333333333 0.10833333333333334
0 0.6822916666666666 0.2263888888888889 0.103125 0.10833333333333334
1 0.8671875 0.3111111111111111 0.1375 0.2814814814814815
0 0.8341145833333333 0.15324074074074073 0.0765625 0.07685185185185185
1 0.9416666666666667 0.07777777777777778 0.11562499999999999 0.11851851851851852
