0 0.10130208333333333 0.8703703703703703 0.2015625 0.2574074074074074
0 0.6669270833333333 0.7731481481481481 0.18489583333333334 0.2962962962962963
2 0.559375 0.4962962962962963 0.10520833333333333 0.23148148148148148
1 0.8908854166666667 0.3541666666666667 0.1734375 0.3175925925925926
1 0.9106770833333333 0.0787037037037037 0.17760416666666667 0.1277777777777778
0 0.8059895833333334 0.1574074074074074 0.0796875 0.08148148148148149
0 0.6497395833333334 0.26990740740740743 0.12864583333333332 0.10462962962962963
0 0.71953125 0.23750000000000002 0.11302083333333333 0.11018518518518519
0 0.20703125 0.3287037037037037 0.09427083333333333 0.1277777777777778
0 0.4890625 0.24861111111111112 0.10416666666666667 0.10648148148148148
0 0.11796875 0.2439814814814815 0.0859375 0.11574074074074074
0 0.3809895833333333 0.18564814814814815 0.07447916666666667 0.0787037037037037
0 0.16276041666666666 0.13611111111111113 0.09010416666666667 0.05740740740740741
0 0.6875 0.5425925925925926 0.10416666666666667 0.2
