0 0.2947916666666667 0.7199074074074074 0.16041666666666665 0.30833333333333335
0 0.45026041666666666 0.5231481481481481 0.11510416666666666 0.22222222222222224
0 0.6122395833333333 0.5606481481481481 0.1171875 0.28611111111111115
0 0.8111979166666666 0.7486111111111111 0.16302083333333334 0.28425925925925927
0 0.9432291666666667 0.5921296296296297 0.1125 0.25462962962962965
0 0.2661458333333333 0.48935185185185187 0.13854166666666667 0.18796296296296297
0 0.35 0.3351851851851852 0.08958333333333333 0.12222222222222223
0 0.48203124999999997 0.3791666666666667 0.08072916666666667 0.13611111111111113
0 0.725 0.38333333333333336 0.10208333333333333 0.15185185185185185
0 0.7778645833333333 0.25787037037037036 0.09010416666666667 0.1212962962962963
0 0.5916666666666667 0.2814814814814815 0.07395833333333333 0.12222222222222223
0 0.37447916666666664 0.21203703703703705 0.058333333333333334 0.08888888888888889
0 0.47682291666666665 0.26666666666666666 0.06197916666666667 0.11296296296296297
0 0.5700520833333333 0.1574074074074074 0.05572916666666666 0.07962962962962963
0 0.4796875 0.18101851851851852 0.05625 0.075
0 0.6466145833333333 0.17546296296296296 0.05572916666666666 0.0787037037037037
0 0.69375 0.10370370370370371 0.05416666666666667 0.061111111111111116
0 0.3927083333333333 0.17083333333333334 0.04479166666666667 0.0787037037037037
0 0.47369791666666666 0.11388888888888889 0.044270833333333336 0.05555555555555556
0 0.5484375 0.10324074074074074 0.042708333333333334 0.06944444444444445
0 0.6106770833333334 0.09351851851851853 0.0453125 0.06851851851851852
0 0.6447916666666667 0.04259259259259259 0.036458333333333336 0.06481481481481481
0 0.5247395833333334 0.04722222222222222 0.04010416666666666 0.05185185185185186
0 0.4119791666666667 0.08425925925925926 0.036458333333333336 0.05925925925925926
0 0.5794270833333334 0.038425925925925926 0.03697916666666667 0.04537037037037037
