0 0.64453125 0.8027777777777778 0.19947916666666665 0.3111111111111111
0 0.6846354166666666 0.5555555555555556 0.10052083333333334 0.18333333333333335
0 0.6666666666666666 0.27546296296296297 0.12395833333333334 0.11574074074074074
0 0.7390625 0.2439814814814815 0.11458333333333333 0.10833333333333334
0 0.503125 0.25324074074074077 0.10729166666666666 0.10648148148148148
0 0.21484375 0.3416666666666667 0.09635416666666667 0.13333333333333333
0 0.1296875 0.2490740740740741 0.08333333333333333 0.11481481481481481
0 0.08723958333333333 0.9078703703703704 0.17447916666666666 0.1824074074074074
0 0.7921875 0.16620370370370371 0.07395833333333333 0.0787037037037037
1 0.8963541666666667 0.3685185185185185 0.17604166666666665 0.34444444444444444
1 0.89609375 0.08194444444444444 0.20677083333333332 0.13425925925925927
2 0.55234375 0.5125000000000001 0.1109375 0.23055555555555557
