0 0.8312499999999999 0.7495370370370371 0.15416666666666667 0.27685185185185185
1 0.16614583333333333 0.6171296296296297 0.3229166666666667 0.6324074074074074
0 0.3346354166666667 0.6981481481481482 0.12760416666666666 0.34074074074074073
0 0.4010416666666667 0.4041666666666667 0.103125 0.2916666666666667
0 0.6098958333333333 0.3907407407407408 0.090625 0.21851851851851853
0 0.5950520833333334 0.7930555555555556 0.1359375 0.2972222222222222
0 0.7645833333333333 0.525 0.125 0.19444444444444445
0 0.9442708333333333 0.5972222222222222 0.11041666666666666 0.24814814814814815
0 0.88359375 0.40740740740740744 0.1171875 0.1925925925925926
0 0.7317708333333334 0.3615740740740741 0.09270833333333334 0.14722222222222223
0 0.8309895833333333 0.3212962962962963 0.07447916666666667 0.12222222222222223
0 0.5104166666666666 0.2662037037037037 0.06875 0.10648148148148148
0 0.5643229166666667 0.1925925925925926 0.057812499999999996 0.09074074074074075
0 0.69765625 0.2550925925925926 0.07760416666666667 0.1398148148148148
0 0.7828125 0.22916666666666669 0.08020833333333333 0.10833333333333334
0 0.7518229166666667 0.16203703703703703 0.0640625 0.08888888888888889
0 0.3848958333333333 0.14074074074074075 0.046875 0.06481481481481481
0 0.4309895833333333 0.16898148148148148 0.0515625 0.08240740740740742
0 0.4713541666666667 0.20787037037037037 0.053125 0.08796296296296297
0 0.4895833333333333 0.13657407407407407 0.05 0.07314814814814816
0 0.62109375 0.12083333333333333 0.03802083333333333 0.07314814814814816
0 0.6721354166666667 0.09907407407407408 0.04010416666666666 0.061111111111111116
0 0.6731770833333334 0.20694444444444446 0.05364583333333333 0.09907407407407408
0 0.7080729166666666 0.12731481481481483 0.043229166666666666 0.07685185185185185
0 0.3927083333333333 0.0763888888888889 0.03958333333333333 0.05092592592592593
0 0.4713541666666667 0.08796296296296297 0.0375 0.06481481481481481
0 0.5533854166666666 0.1439814814814815 0.0421875 0.075
