2 0.4752604166666667 0.7023148148148148 0.16927083333333334 0.31574074074074077
0 0.6588541666666666 0.6875 0.12395833333333334 0.25462962962962965
1 0.9244791666666666 0.6162037037037037 0.15 0.6046296296296296
0 0.825 0.34444444444444444 0.13541666666666666 0.1277777777777778
0 0.25234375 0.4222222222222222 0.09635416666666667 0.1574074074074074
0 0.20677083333333332 0.3212962962962963 0.08854166666666667 0.1277777777777778
0 0.6408854166666667 0.32037037037037036 0.1421875 0.12222222222222223
0 0.7208333333333333 0.18888888888888888 0.07083333333333333 0.08518518518518518
0 0.30572916666666666 0.1574074074074074 0.09166666666666666 0.07777777777777778
1 0.6791666666666667 0.06851851851851852 0.25625 0.12037037037037038
0 0.9106770833333333 0.2953703703703704 0.13385416666666666 0.10925925925925926
