0 0.6072916666666667 0.5231481481481481 0.109375 0.18888888888888888
0 0.22161458333333334 0.8486111111111111 0.21822916666666667 0.30092592592592593
0 0.4127604166666667 0.4675925925925926 0.1015625 0.17407407407407408
0 0.55625 0.29444444444444445 0.07604166666666666 0.1851851851851852
0 0.4161458333333333 0.13935185185185187 0.05520833333333333 0.07314814814814816
2 0.7135416666666666 0.2972222222222222 0.10520833333333333 0.17962962962962964
0 0.7669270833333334 0.21666666666666667 0.07864583333333333 0.12037037037037038
0 0.5888020833333333 0.05277777777777778 0.04010416666666666 0.08888888888888889
0 0.70078125 0.0962962962962963 0.04635416666666667 0.06481481481481481
0 0.5234375 0.0763888888888889 0.0375 0.05277777777777778
