0 0.8742187499999999 0.8671296296296297 0.20052083333333334 0.2638888888888889
0 0.6026041666666666 0.85 0.15833333333333333 0.29814814814814816
0 0.41432291666666665 0.5712962962962963 0.11614583333333334 0.20925925925925926
0 0.16822916666666665 0.7023148148148148 0.178125 0.25833333333333336
0 0.5799479166666667 0.36203703703703705 0.09114583333333333 0.18888888888888888
0 0.72109375 0.34675925925925927 0.09427083333333333 0.17314814814814816
0 0.9067708333333333 0.4361111111111111 0.1375 0.19444444444444445
0 0.8156249999999999 0.29074074074074074 0.08958333333333333 0.12037037037037038
0 0.46380208333333334 0.2537037037037037 0.0640625 0.09444444444444444
1 0.34453125 0.19907407407407407 0.0984375 0.20925925925925926
0 0.58046875 0.21851851851851853 0.0609375 0.10185185185185186
0 0.6591145833333333 0.18796296296296297 0.05677083333333333 0.10370370370370371
0 0.7190104166666667 0.1328703703703704 0.05677083333333333 0.07685185185185185
0 0.5583333333333333 0.1398148148148148 0.04791666666666666 0.07037037037037037
1 0.3932291666666667 0.0699074074074074 0.05625 0.13611111111111113
0 0.6377604166666666 0.11296296296296297 0.0484375 0.061111111111111116
0 0.5940104166666667 0.06620370370370371 0.04114583333333333 0.049074074074074076
0 0.4505208333333333 0.17916666666666667 0.051041666666666666 0.0787037037037037
0 0.4705729166666667 0.125 0.044270833333333336 0.06481481481481481
0 0.5473958333333333 0.08750000000000001 0.040625 0.05277777777777778
0 0.4671875 0.07685185185185185 0.03333333333333333 0.05185185185185186
0 0.6322916666666667 0.04027777777777778 0.03333333333333333 0.05277777777777778
0 0.5075520833333333 0.043055555555555555 0.0296875 0.04722222222222222
