0 0.94375 0.6981481481481482 0.11145833333333333 0.3055555555555556
0 0.7627604166666666 0.5662037037037038 0.12864583333333332 0.25092592592592594
0 0.5981770833333333 0.6106481481481482 0.1296875 0.2712962962962963
0 0.4080729166666667 0.5583333333333333 0.11302083333333333 0.22222222222222224
0 0.32447916666666665 0.8787037037037038 0.16979166666666667 0.24074074074074076
0 0.3106770833333333 0.40555555555555556 0.10885416666666667 0.1962962962962963
0 0.5809895833333333 0.32222222222222224 0.07760416666666667 0.16296296296296298
0 0.8111979166666666 0.3689814814814815 0.09010416666666667 0.14351851851851852
0 0.77578125 0.24120370370370373 0.07447916666666667 0.13240740740740742
0 0.6645833333333333 0.23148148148148148 0.06979166666666667 0.1
0 0.3770833333333333 0.18796296296296297 0.04895833333333333 0.07592592592592592
0 0.46875 0.17731481481481481 0.04583333333333333 0.06759259259259259
0 0.5638020833333334 0.20370370370370372 0.05677083333333333 0.08518518518518518
0 0.64609375 0.1615740740740741 0.05677083333333333 0.0712962962962963
0 0.721875 0.13564814814814816 0.053125 0.08240740740740742
0 0.59765625 0.09722222222222222 0.044270833333333336 0.061111111111111116
0 0.48463541666666665 0.10231481481481482 0.03802083333333333 0.058333333333333334
0 0.390625 0.11018518518518519 0.03958333333333333 0.06296296296296297
0 0.5130208333333334 0.055092592592592596 0.034375 0.04351851851851852
0 0.65 0.05694444444444444 0.0375 0.04351851851851852
