1 0.8203125 0.512962962962963 0.11979166666666667 0.26851851851851855
0 0.2643229166666667 0.6865740740740741 0.09739583333333333 0.19351851851851853
0 0.35833333333333334 0.5976851851851852 0.08854166666666667 0.13425925925925927
0 0.23958333333333334 0.5449074074074074 0.06875 0.11018518518518519
0 0.2015625 0.4708333333333333 0.065625 0.08796296296296297
0 0.13463541666666667 0.40972222222222227 0.059895833333333336 0.08055555555555556
0 0.6192708333333333 0.5356481481481482 0.065625 0.10462962962962963
0 0.5661458333333333 0.4638888888888889 0.052083333333333336 0.08333333333333334
0 0.4986979166666667 0.3851851851851852 0.0828125 0.07037037037037037
0 0.72890625 0.43194444444444446 0.0453125 0.075
1 0.75078125 0.3472222222222222 0.0796875 0.12962962962962962
