0 0.7510416666666666 0.5962962962962963 0.071875 0.15555555555555556
0 0.8559895833333333 0.46064814814814814 0.06822916666666666 0.10092592592592593
0 0.5778645833333333 0.5 0.059895833333333336 0.1
0 0.7213541666666666 0.47870370370370374 0.052083333333333336 0.08518518518518518
0 0.6028645833333334 0.3888888888888889 0.04739583333333333 0.05185185185185186
0 0.7528645833333333 0.3490740740740741 0.05364583333333333 0.06296296296296297
0 0.17161458333333332 0.9009259259259259 0.1515625 0.1962962962962963
0 0.19817708333333334 0.4310185185185185 0.06510416666666667 0.08425925925925926
0 0.1328125 0.3990740740740741 0.04791666666666666 0.06296296296296297
1 0.2947916666666667 0.5601851851851852 0.140625 0.3
1 0.6932291666666667 0.3800925925925926 0.06666666666666667 0.1564814814814815
