0 0.85546875 0.8300925925925926 0.18697916666666667 0.3138888888888889
0 0.6380208333333334 0.7680555555555556 0.15416666666666667 0.3861111111111111
0 0.22109375 0.6194444444444445 0.14427083333333332 0.2537037037037037
0 0.4044270833333333 0.5268518518518519 0.12343749999999999 0.20370370370370372
0 0.31276041666666665 0.9092592592592593 0.19947916666666665 0.17962962962962964
0 0.59609375 0.4652777777777778 0.0921875 0.16944444444444445
0 0.8666666666666667 0.4115740740740741 0.11875 0.16574074074074074
0 0.8171875 0.28240740740740744 0.09270833333333334 0.1277777777777778
1 0.2984375 0.2953703703703704 0.15104166666666666 0.26851851851851855
1 0.37213541666666666 0.13842592592592592 0.0828125 0.19907407407407407
0 0.4583333333333333 0.26712962962962966 0.06666666666666667 0.11203703703703705
0 0.58515625 0.32685185185185184 0.07447916666666667 0.13333333333333333
0 0.58671875 0.2138888888888889 0.0734375 0.1
0 0.64765625 0.15833333333333333 0.059895833333333336 0.10370370370370371
0 0.7356770833333334 0.1712962962962963 0.06302083333333333 0.09074074074074075
0 0.5583333333333333 0.1449074074074074 0.05 0.08425925925925926
0 0.6255208333333333 0.11527777777777778 0.04479166666666667 0.06574074074074074
0 0.6802083333333333 0.0962962962962963 0.05625 0.06296296296296297
0 0.5955729166666667 0.07453703703703704 0.0359375 0.05462962962962963
0 0.6481770833333333 0.05601851851851852 0.04114583333333333 0.05648148148148149
0 0.5263020833333333 0.06481481481481481 0.034895833333333334 0.06666666666666667
0 0.57890625 0.04398148148148148 0.030729166666666665 0.04537037037037037
