0 0.8510416666666667 0.7944444444444445 0.178125 0.4
0 0.375 0.8194444444444445 0.17291666666666666 0.3388888888888889
0 0.41510416666666666 0.4828703703703704 0.10625 0.17314814814814816
0 0.5885416666666666 0.6648148148148149 0.12291666666666666 0.2574074074074074
0 0.6005208333333333 0.8953703703703704 0.171875 0.20740740740740743
0 0.79453125 0.5050925925925926 0.12343749999999999 0.22685185185185186
0 0.89140625 0.4726851851851852 0.09114583333333333 0.21203703703703705
1 0.20651041666666667 0.4675925925925926 0.2661458333333333 0.45555555555555555
0 0.5744791666666667 0.32962962962962966 0.08645833333333333 0.15925925925925927
0 0.609375 0.5023148148148149 0.09375 0.19351851851851853
0 0.7252604166666666 0.40925925925925927 0.1015625 0.1574074074074074
0 0.46822916666666664 0.28055555555555556 0.06666666666666667 0.10925925925925926
0 0.36796875 0.27546296296296297 0.06510416666666667 0.10648148148148148
0 0.4015625 0.3731481481481482 0.08020833333333333 0.12407407407407407
0 0.69765625 0.29444444444444445 0.0796875 0.12037037037037038
0 0.7994791666666666 0.2884259259259259 0.09270833333333334 0.1287037037037037
0 0.575 0.22824074074074074 0.05625 0.09907407407407408
0 0.6716145833333333 0.22962962962962963 0.058854166666666666 0.0962962962962963
0 0.7723958333333333 0.20972222222222223 0.06979166666666667 0.10092592592592593
0 0.39557291666666666 0.1763888888888889 0.04739583333333333 0.08055555555555556
0 0.4786458333333333 0.21064814814814817 0.06041666666666667 0.08611111111111111
0 0.5518229166666666 0.14675925925925926 0.043229166666666666 0.06574074074074074
0 0.6442708333333333 0.18194444444444446 0.053125 0.07685185185185185
0 0.7377604166666667 0.17314814814814816 0.0609375 0.07962962962962963
