0 0.6020833333333333 0.6101851851851852 0.12395833333333334 0.27592592592592596
0 0.7973958333333333 0.6296296296296297 0.14166666666666666 0.24629629629629632
0 0.9544270833333334 0.6305555555555555 0.09010416666666667 0.2518518518518519
0 0.13020833333333334 0.813425925925926 0.20833333333333334 0.3231481481481482
0 0.3572916666666667 0.8699074074074075 0.184375 0.25833333333333336
0 0.30625 0.3685185185185185 0.09270833333333334 0.1537037037037037
0 0.43203125 0.3731481481481482 0.0828125 0.16296296296296298
0 0.5854166666666667 0.39861111111111114 0.08645833333333333 0.1712962962962963
0 0.72734375 0.36435185185185187 0.09322916666666667 0.15833333333333333
0 0.82265625 0.30648148148148147 0.09322916666666667 0.13148148148148148
0 0.7395833333333334 0.18842592592592594 0.06666666666666667 0.10833333333333334
0 0.6799479166666667 0.22824074074074074 0.0640625 0.09907407407407408
0 0.46875 0.21666666666666667 0.05625 0.10185185185185186
0 0.5674479166666666 0.21805555555555556 0.058854166666666666 0.10833333333333334
0 0.3533854166666667 0.26203703703703707 0.06302083333333333 0.12222222222222223
0 0.38125 0.19398148148148148 0.05625 0.08055555555555556
0 0.6265625 0.11898148148148148 0.057291666666666664 0.08425925925925926
0 0.6979166666666666 0.10740740740740741 0.05625 0.07222222222222223
1 0.38567708333333334 0.07546296296296297 0.06510416666666667 0.14351851851851852
0 0.5528645833333333 0.11944444444444445 0.0515625 0.08888888888888889
0 0.46640624999999997 0.13425925925925927 0.043229166666666666 0.05925925925925926
0 0.45729166666666665 0.07083333333333333 0.035416666666666666 0.04722222222222222
0 0.5859375 0.05694444444444444 0.034375 0.058333333333333334
0 0.6403645833333333 0.05324074074074074 0.04114583333333333 0.05092592592592593
0 0.521875 0.051388888888888894 0.03229166666666666 0.05092592592592593
