0 0.4041666666666667 0.736574074074074 0.13854166666666667 0.3509259259259259
0 0.13515625 0.7652777777777778 0.1828125 0.28240740740740744
0 0.40859375 0.5277777777777778 0.11197916666666667 0.20555555555555557
0 0.32786458333333335 0.38333333333333336 0.10989583333333333 0.17962962962962964
0 0.48515625 0.3101851851851852 0.07447916666666667 0.13148148148148148
0 0.6005208333333333 0.4046296296296297 0.08958333333333333 0.14444444444444446
0 0.7114583333333333 0.28750000000000003 0.0875 0.16203703703703703
0 0.8677083333333333 0.375 0.10520833333333333 0.15185185185185185
0 0.36796875 0.2351851851851852 0.06302083333333333 0.0925925925925926
0 0.5828125 0.2351851851851852 0.065625 0.11296296296296297
0 0.6388020833333333 0.1449074074074074 0.05572916666666666 0.08055555555555556
0 0.7046875 0.11805555555555557 0.05416666666666667 0.075
0 0.39036458333333335 0.13564814814814816 0.0421875 0.0787037037037037
0 0.4674479166666667 0.16712962962962963 0.04739583333333333 0.08240740740740742
0 0.5497395833333333 0.13657407407407407 0.0453125 0.06944444444444445
0 0.6177083333333333 0.09814814814814815 0.03958333333333333 0.05555555555555556
0 0.48463541666666665 0.10462962962962963 0.03802083333333333 0.06296296296296297
0 0.40625 0.08796296296296297 0.035416666666666666 0.06481481481481481
0 0.54296875 0.07962962962962963 0.043229166666666666 0.05740740740740741
0 0.4614583333333333 0.059722222222222225 0.03333333333333333 0.049074074074074076
0 0.5877604166666667 0.06481481481481481 0.030729166666666665 0.05185185185185186
0 0.6471354166666666 0.05416666666666667 0.04114583333333333 0.06574074074074074
