1 0.9270833333333334 0.5189814814814815 0.14479166666666665 0.4842592592592593
2 0.5057291666666667 0.638425925925926 0.15104166666666666 0.2972222222222222
0 0.51015625 0.9175925925925926 0.2484375 0.16296296296296298
0 0.6692708333333334 0.6481481481481481 0.11458333333333333 0.2388888888888889
0 0.24479166666666666 0.39861111111111114 0.09895833333333333 0.14907407407407408
0 0.18854166666666666 0.29953703703703705 0.0875 0.1398148148148148
0 0.5971354166666667 0.2990740740740741 0.12760416666666666 0.11666666666666667
0 0.7770833333333333 0.3212962962962963 0.13958333333333334 0.12407407407407407
0 0.8557291666666667 0.28425925925925927 0.121875 0.12592592592592594
0 0.7359375 0.18101851851851852 0.06770833333333333 0.08055555555555556
1 0.7515625 0.0712962962962963 0.259375 0.12222222222222223
0 0.26796875 0.14953703703703705 0.0984375 0.07685185185185185
