2 0.8471354166666667 0.34675925925925927 0.13072916666666667 0.23055555555555557
1 0.22369791666666666 0.3050925925925926 0.2671875 0.3212962962962963
0 0.60390625 0.725 0.14322916666666666 0.2777777777777778
0 0.434375 0.8495370370370371 0.15416666666666667 0.2990740740740741
0 0.4510416666666667 0.43842592592592594 0.11666666666666667 0.225
0 0.6708333333333333 0.26203703703703707 0.07083333333333333 0.11666666666666667
0 0.7627604166666666 0.22361111111111112 0.07552083333333333 0.13796296296296298
0 0.5536458333333333 0.24814814814814815 0.06875 0.1277777777777778
0 0.44869791666666664 0.20277777777777778 0.06510416666666667 0.07777777777777778
0 0.4010416666666667 0.14537037037037037 0.05 0.06851851851851852
0 0.45651041666666664 0.11111111111111112 0.04114583333333333 0.06296296296296297
0 0.5190104166666667 0.10416666666666667 0.04010416666666666 0.06944444444444445
0 0.5638020833333334 0.13472222222222222 0.04114583333333333 0.06759259259259259
0 0.6236979166666666 0.10740740740740741 0.04114583333333333 0.06296296296296297
0 0.55625 0.07175925925925926 0.03229166666666666 0.05092592592592593
