1 0.9171874999999999 0.6666666666666667 0.16458333333333333 0.6462962962962964
1 0.6455729166666666 0.06944444444444445 0.2526041666666667 0.11851851851851852
2 0.46041666666666664 0.7453703703703703 0.19270833333333334 0.3351851851851852
0 0.6557291666666667 0.7180555555555556 0.13645833333333332 0.2638888888888889
0 0.2565104166666667 0.4412037037037037 0.09947916666666666 0.1638888888888889
0 0.21432291666666667 0.3337962962962963 0.09322916666666667 0.14166666666666666
0 0.6674479166666667 0.33101851851851855 0.14427083333333332 0.13240740740740742
0 0.8596354166666667 0.34861111111111115 0.14739583333333334 0.1287037037037037
0 0.9364583333333333 0.3138888888888889 0.12604166666666666 0.13333333333333333
0 0.7135416666666666 0.19490740740740742 0.071875 0.09166666666666667
0 0.31953125 0.1615740740740741 0.0953125 0.08425925925925926
