0 0.7940104166666666 0.8541666666666667 0.1796875 0.2898148148148148
0 0.3515625 0.8314814814814815 0.15520833333333334 0.3111111111111111
0 0.5895833333333333 0.6546296296296297 0.12291666666666666 0.2425925925925926
0 0.75 0.4939814814814815 0.12083333333333333 0.22870370370370371
0 0.9270833333333334 0.6273148148148149 0.14479166666666665 0.24537037037037038
0 0.43255208333333334 0.42129629629629634 0.0953125 0.17777777777777778
1 0.34010416666666665 0.25 0.13854166666666667 0.2796296296296296
0 0.5986979166666666 0.3592592592592593 0.07552083333333333 0.1277777777777778
0 0.7041666666666666 0.33194444444444443 0.08229166666666667 0.13611111111111113
0 0.8526041666666666 0.40185185185185185 0.10625 0.1574074074074074
0 0.5841145833333333 0.23935185185185187 0.06302083333333333 0.10092592592592593
0 0.6653645833333334 0.21157407407407408 0.057812499999999996 0.10092592592592593
0 0.721875 0.16944444444444445 0.057291666666666664 0.08703703703703704
0 0.4752604166666667 0.16990740740740742 0.04739583333333333 0.07314814814814816
0 0.5645833333333333 0.15925925925925927 0.053125 0.08703703703703704
0 0.6276041666666666 0.11712962962962964 0.046875 0.07314814814814816
0 0.5486979166666667 0.10185185185185186 0.043229166666666666 0.06296296296296297
0 0.4669270833333333 0.08842592592592594 0.03802083333333333 0.058333333333333334
0 0.4046875 0.0837962962962963 0.035416666666666666 0.05277777777777778
0 0.5822916666666667 0.04027777777777778 0.041666666666666664 0.049074074074074076
0 0.6526041666666667 0.06296296296296297 0.042708333333333334 0.05555555555555556
