0 0.6841145833333333 0.7324074074074074 0.1796875 0.2777777777777778
0 0.10963541666666667 0.8518518518518519 0.20677083333333332 0.29444444444444445
0 0.6888020833333334 0.5277777777777778 0.0953125 0.19074074074074074
0 0.6333333333333333 0.2675925925925926 0.12395833333333334 0.11296296296296297
0 0.19661458333333334 0.3180555555555556 0.0953125 0.12685185185185185
0 0.10130208333333333 0.22824074074074074 0.08177083333333333 0.10833333333333334
0 0.47369791666666666 0.24074074074074076 0.09947916666666666 0.09444444444444444
0 0.6981770833333333 0.23194444444444445 0.10781249999999999 0.10833333333333334
0 0.8205729166666667 0.15925925925925927 0.07135416666666666 0.06851851851851852
1 0.8781249999999999 0.32592592592592595 0.14895833333333333 0.29074074074074074
1 0.9255208333333333 0.08425925925925926 0.14791666666666667 0.1277777777777778
2 0.5638020833333334 0.4759259259259259 0.09635416666666667 0.21666666666666667
