0 0.5989583333333334 0.46064814814814814 0.11562499999999999 0.287962962962963
0 0.4049479166666667 0.6736111111111112 0.13697916666666665 0.25277777777777777
0 0.14661458333333333 0.7222222222222222 0.18177083333333333 0.2777777777777778
0 0.5950520833333334 0.8935185185185186 0.14947916666666666 0.2111111111111111
0 0.884375 0.899537037037037 0.20520833333333333 0.19907407407407407
0 0.93984375 0.5555555555555556 0.11927083333333333 0.21666666666666667
0 0.7671875 0.500462962962963 0.11979166666666667 0.19351851851851853
0 0.8963541666666667 0.40925925925925927 0.11666666666666667 0.1574074074074074
0 0.3848958333333333 0.4439814814814815 0.1 0.1675925925925926
0 0.315625 0.3416666666666667 0.09895833333333333 0.14074074074074075
0 0.4348958333333333 0.25601851851851853 0.0625 0.11018518518518519
0 0.5611979166666666 0.20694444444444446 0.059895833333333336 0.10648148148148148
0 0.5916666666666667 0.3055555555555556 0.07604166666666666 0.11851851851851852
0 0.71640625 0.32407407407407407 0.08177083333333333 0.1277777777777778
0 0.7510416666666666 0.20555555555555557 0.06770833333333333 0.08518518518518518
0 0.6575520833333334 0.20092592592592592 0.0640625 0.11111111111111112
0 0.6309895833333333 0.11388888888888889 0.05364583333333333 0.09814814814814815
0 0.4630208333333333 0.16620370370370371 0.05416666666666667 0.08055555555555556
0 0.39036458333333335 0.1462962962962963 0.04635416666666667 0.06481481481481481
0 0.4122395833333333 0.09537037037037037 0.0390625 0.05740740740740741
0 0.4713541666666667 0.08194444444444444 0.03333333333333333 0.049074074074074076
0 0.5388020833333333 0.08148148148148149 0.0421875 0.053703703703703705
0 0.5627604166666667 0.14074074074074075 0.049479166666666664 0.06851851851851852
2 0.7125 0.10601851851851853 0.065625 0.14537037037037037
0 0.5924479166666666 0.06712962962962964 0.0421875 0.05092592592592593
