0 0.8661458333333333 0.7597222222222223 0.175 0.325
0 0.6203125 0.8115740740740741 0.15416666666666667 0.33055555555555555
0 0.39427083333333335 0.6791666666666667 0.15416666666666667 0.2601851851851852
0 0.12630208333333334 0.8143518518518519 0.1890625 0.2972222222222222
0 0.31640625 0.38333333333333336 0.09947916666666666 0.14814814814814814
0 0.4596354166666667 0.35370370370370374 0.07864583333333333 0.13148148148148148
0 0.58671875 0.26342592592592595 0.08177083333333333 0.13796296296296298
0 0.71171875 0.29120370370370374 0.07552083333333333 0.11388888888888889
0 0.86328125 0.35370370370370374 0.10989583333333333 0.17592592592592593
0 0.7690104166666667 0.20370370370370372 0.07239583333333333 0.0925925925925926
0 0.35833333333333334 0.24722222222222223 0.0625 0.10370370370370371
0 0.46979166666666666 0.2449074074074074 0.071875 0.10092592592592593
0 0.38697916666666665 0.1625 0.053125 0.07685185185185185
0 0.4822916666666667 0.1625 0.053125 0.08425925925925926
0 0.6442708333333333 0.17314814814814816 0.051041666666666666 0.09074074074074075
0 0.6158854166666666 0.08935185185185185 0.05677083333333333 0.07685185185185185
0 0.5497395833333333 0.10138888888888889 0.0453125 0.06944444444444445
0 0.41328125 0.09907407407407408 0.03697916666666667 0.06481481481481481
0 0.4747395833333333 0.10833333333333334 0.0421875 0.05925925925925926
0 0.5291666666666667 0.051388888888888894 0.0375 0.04722222222222222
0 0.6546875 0.06018518518518519 0.034375 0.06481481481481481
0 0.5768229166666666 0.04120370370370371 0.03802083333333333 0.05462962962962963
