0 0.1578125 0.7689814814814815 0.16875 0.3027777777777778
0 0.7190104166666667 0.6824074074074075 0.1609375 0.24814814814814815
0 0.6942708333333333 0.4990740740740741 0.09270833333333334 0.1814814814814815
0 0.60390625 0.2569444444444445 0.1203125 0.10277777777777779
0 0.4497395833333333 0.23148148148148148 0.09010416666666667 0.09814814814814815
0 0.17890625 0.3074074074074074 0.1015625 0.12407407407407407
0 0.06953125 0.21157407407407408 0.08072916666666667 0.10648148148148148
0 0.1046875 0.11990740740740741 0.08020833333333333 0.05648148148148149
0 0.6638020833333333 0.2175925925925926 0.10781249999999999 0.10555555555555556
1 0.859375 0.2935185185185185 0.12604166666666666 0.27037037037037037
2 0.5744791666666667 0.4398148148148148 0.09791666666666667 0.21666666666666667
0 0.8494791666666667 0.1462962962962963 0.07083333333333333 0.06296296296296297
1 0.959375 0.08333333333333334 0.08020833333333333 0.12592592592592594
