0 0.6598958333333333 0.6763888888888889 0.14375 0.2675925925925926
0 0.3966145833333333 0.8444444444444444 0.1515625 0.3092592592592593
0 0.4401041666666667 0.350462962962963 0.0875 0.1638888888888889
0 0.6354166666666666 0.37824074074074077 0.075 0.14351851851851852
0 0.8588541666666667 0.36944444444444446 0.10729166666666666 0.15
0 0.6286458333333333 0.2675925925925926 0.07291666666666667 0.1
0 0.590625 0.1925925925925926 0.058333333333333334 0.0925925925925926
0 0.4630208333333333 0.22175925925925927 0.06979166666666667 0.11018518518518519
0 0.41770833333333335 0.1398148148148148 0.05 0.06481481481481481
0 0.4953125 0.1277777777777778 0.04791666666666666 0.06481481481481481
0 0.5658854166666667 0.11435185185185186 0.044270833333333336 0.10462962962962963
2 0.6408854166666667 0.07777777777777778 0.04010416666666666 0.09074074074074075
0 0.7315104166666666 0.16712962962962963 0.06302083333333333 0.09722222222222222
0 0.6903645833333333 0.049074074074074076 0.03177083333333333 0.05740740740740741
