0 0.828125 0.8375 0.17083333333333334 0.3231481481481482
0 0.6059895833333333 0.8384259259259259 0.14739583333333334 0.3212962962962963
0 0.3848958333333333 0.5986111111111111 0.10625 0.23240740740740742
0 0.2864583333333333 0.42453703703703705 0.09791666666666667 0.17500000000000002
0 0.4440104166666667 0.4027777777777778 0.07864583333333333 0.14444444444444446
0 0.6078125 0.5337962962962963 0.10208333333333333 0.19351851851851853
0 0.78828125 0.6037037037037037 0.13489583333333333 0.19814814814814816
0 0.6015625 0.36712962962962964 0.08541666666666667 0.13611111111111113
0 0.7674479166666667 0.4300925925925926 0.1171875 0.1712962962962963
0 0.95 0.5791666666666667 0.09895833333333333 0.23611111111111113
0 0.8567708333333334 0.3453703703703704 0.10520833333333333 0.15185185185185185
0 0.4708333333333333 0.24212962962962964 0.06354166666666666 0.1212962962962963
0 0.5903645833333333 0.25 0.058854166666666666 0.09814814814814815
0 0.6921875 0.23472222222222222 0.07083333333333333 0.14166666666666666
0 0.7828125 0.2439814814814815 0.08229166666666667 0.11018518518518519
0 0.56015625 0.18703703703703706 0.059895833333333336 0.08333333333333334
0 0.6380208333333334 0.13055555555555556 0.052083333333333336 0.0925925925925926
0 0.378125 0.14120370370370372 0.051041666666666666 0.07685185185185185
0 0.47578125 0.16898148148148148 0.044270833333333336 0.0787037037037037
0 0.4497395833333333 0.12685185185185185 0.04114583333333333 0.061111111111111116
0 0.5421875 0.07453703703703704 0.035416666666666666 0.06759259259259259
0 0.39296875 0.08287037037037037 0.044270833333333336 0.0712962962962963
0 0.6932291666666667 0.09444444444444444 0.051041666666666666 0.05925925925925926
