0 0.6286458333333333 0.6828703703703703 0.1375 0.2657407407407408
0 0.33567708333333335 0.7990740740740742 0.17864583333333334 0.3648148148148148
0 0.14140625 0.7782407407407408 0.18177083333333333 0.2916666666666667
0 0.25755208333333335 0.5111111111111112 0.13072916666666667 0.20370370370370372
0 0.44869791666666664 0.475462962962963 0.10052083333333334 0.2064814814814815
0 0.8677083333333333 0.9064814814814816 0.18958333333333333 0.1851851851851852
0 0.7825520833333334 0.5625 0.13072916666666667 0.23425925925925928
0 0.934375 0.5300925925925926 0.13020833333333334 0.20462962962962963
0 0.8643229166666666 0.3592592592592593 0.10989583333333333 0.15185185185185185
0 0.5916666666666667 0.4314814814814815 0.096875 0.20555555555555557
0 0.3390625 0.31712962962962965 0.08333333333333333 0.1212962962962963
0 0.4674479166666667 0.31574074074074077 0.07239583333333333 0.12407407407407407
0 0.58515625 0.25787037037037036 0.0765625 0.16944444444444445
0 0.7109375 0.3023148148148148 0.090625 0.125
0 0.6736979166666667 0.20462962962962963 0.06302083333333333 0.09444444444444444
0 0.4432291666666667 0.22175925925925927 0.058333333333333334 0.10462962962962963
0 0.39609375 0.1449074074074074 0.050520833333333334 0.08425925925925926
0 0.453125 0.11712962962962964 0.042708333333333334 0.06018518518518519
0 0.5494791666666666 0.13657407407407407 0.05 0.08055555555555556
0 0.6908854166666667 0.11712962962962964 0.04635416666666667 0.06574074074074074
0 0.6161458333333333 0.10833333333333334 0.05 0.07962962962962963
2 0.6645833333333333 0.05694444444444444 0.05416666666666667 0.11018518518518519
0 0.58984375 0.05416666666666667 0.044270833333333336 0.07685185185185185
0 0.4005208333333333 0.06342592592592593 0.03333333333333333 0.04537037037037037
0 0.5302083333333333 0.05416666666666667 0.035416666666666666 0.05277777777777778
0 0.46015625 0.08333333333333334 0.0421875 0.05740740740740741
