0 0.18776041666666665 0.688425925925926 0.14010416666666667 0.2601851851851852
0 0.7427083333333333 0.6337962962962963 0.13958333333333334 0.23425925925925928
2 0.58046875 0.41435185185185186 0.09427083333333333 0.20462962962962963
0 0.6958333333333333 0.4689814814814815 0.08958333333333333 0.17500000000000002
0 0.42864583333333334 0.21944444444444444 0.0875 0.09444444444444444
0 0.5783854166666667 0.2449074074074074 0.11197916666666667 0.10277777777777779
0 0.6315104166666666 0.2125 0.10260416666666666 0.09722222222222222
1 0.84921875 0.2606481481481482 0.09947916666666666 0.2564814814814815
0 0.8825520833333333 0.14444444444444446 0.07135416666666666 0.07037037037037037
0 0.15494791666666666 0.28055555555555556 0.09635416666666667 0.11851851851851852
0 0.03828125 0.19583333333333333 0.0640625 0.09537037037037037
