0 0.6049479166666667 0.6601851851851852 0.08072916666666667 0.15555555555555556
0 0.5747395833333333 0.549537037037037 0.06197916666666667 0.11203703703703705
0 0.7158854166666666 0.4912037037037037 0.058854166666666666 0.11018518518518519
0 0.5505208333333333 0.39675925925925926 0.0875 0.0712962962962963
0 0.22317708333333333 0.7078703703703704 0.09322916666666667 0.16944444444444445
0 0.24479166666666666 0.5416666666666667 0.06979166666666667 0.10370370370370371
0 0.20625 0.43842592592592594 0.06770833333333333 0.08240740740740742
0 0.3567708333333333 0.9166666666666667 0.13645833333333332 0.16481481481481483
1 0.8330729166666666 0.7157407407407408 0.16510416666666666 0.5
1 0.7494791666666667 0.3907407407407408 0.06875 0.15
