0 0.5739583333333333 0.40740740740740744 0.10729166666666666 0.2388888888888889
0 0.6864583333333333 0.8449074074074074 0.17916666666666667 0.30833333333333335
0 0.39453125 0.7685185185185186 0.1453125 0.312962962962963
0 0.8841145833333334 0.3805555555555556 0.12552083333333333 0.1851851851851852
0 0.72578125 0.15416666666666667 0.0609375 0.0787037037037037
0 0.58125 0.07824074074074075 0.04895833333333333 0.10833333333333334
0 0.41328125 0.13472222222222222 0.05677083333333333 0.06759259259259259
0 0.5018229166666667 0.11481481481481481 0.043229166666666666 0.05925925925925926
0 0.69453125 0.08981481481481482 0.0453125 0.06296296296296297
0 0.48020833333333335 0.07268518518518519 0.03333333333333333 0.049074074074074076
2 0.8216145833333334 0.5361111111111111 0.1953125 0.2777777777777778
