0 0.8348958333333333 0.7662037037037037 0.18229166666666666 0.2953703703703704
0 0.6174479166666667 0.8064814814814815 0.1484375 0.34814814814814815
0 0.375 0.8462962962962963 0.175 0.3055555555555556
0 0.23906249999999998 0.5527777777777778 0.12291666666666666 0.17962962962962964
0 0.42161458333333335 0.5203703703703704 0.10677083333333333 0.18888888888888888
0 0.58359375 0.44027777777777777 0.0953125 0.15092592592592594
0 0.7299479166666667 0.4115740740740741 0.09635416666666667 0.14907407407407408
0 0.8416666666666667 0.3592592592592593 0.1 0.18333333333333335
0 0.32421875 0.3300925925925926 0.07552083333333333 0.10833333333333334
0 0.44921875 0.28055555555555556 0.05572916666666666 0.12407407407407407
0 0.5739583333333333 0.27870370370370373 0.07395833333333333 0.12037037037037038
0 0.6973958333333333 0.29305555555555557 0.075 0.11018518518518519
0 0.7955729166666666 0.29120370370370374 0.07447916666666667 0.11388888888888889
0 0.7596354166666667 0.2263888888888889 0.0640625 0.09537037037037037
0 0.37604166666666666 0.22870370370370371 0.075 0.08703703703703704
0 0.47604166666666664 0.21157407407407408 0.051041666666666666 0.08055555555555556
0 0.5583333333333333 0.2087962962962963 0.05416666666666667 0.08240740740740742
0 0.6559895833333333 0.2425925925925926 0.0671875 0.09074074074074075
0 0.7372395833333333 0.17037037037037037 0.06197916666666667 0.08518518518518518
0 0.6927083333333334 0.13796296296296298 0.052083333333333336 0.07037037037037037
0 0.37083333333333335 0.18101851851851852 0.053125 0.0787037037037037
0 0.4471354166666667 0.17407407407407408 0.044270833333333336 0.06851851851851852
0 0.54609375 0.12592592592592594 0.05677083333333333 0.11481481481481481
0 0.63984375 0.1837962962962963 0.05572916666666666 0.08425925925925926
0 0.4505208333333333 0.12638888888888888 0.035416666666666666 0.04722222222222222
0 0.5078125 0.07824074074074075 0.0375 0.04722222222222222
0 0.5942708333333333 0.10740740740740741 0.0375 0.05740740740740741
0 0.6559895833333333 0.07361111111111111 0.0390625 0.05277777777777778
0 0.4028645833333333 0.09074074074074075 0.04010416666666666 0.05555555555555556
