1 0.8328125 0.5958333333333333 0.1375 0.35833333333333334
1 0.74140625 0.3699074074074074 0.05677083333333333 0.13240740740740742
0 0.19453125 0.8407407407407408 0.14635416666666667 0.24629629629629632
0 0.38515625 0.7347222222222223 0.09739583333333333 0.1824074074074074
0 0.24348958333333334 0.6185185185185186 0.0765625 0.1277777777777778
0 0.22890625 0.5050925925925926 0.0640625 0.08981481481481482
0 0.17942708333333332 0.4236111111111111 0.06302083333333333 0.08055555555555556
0 0.6171875 0.5935185185185186 0.06770833333333333 0.12592592592592594
0 0.56875 0.5087962962962963 0.053125 0.10277777777777779
0 0.5231770833333333 0.3907407407407408 0.07864583333333333 0.06666666666666667
0 0.7234375 0.46481481481481485 0.05625 0.08888888888888889
0 0.8088541666666667 0.33564814814814814 0.058333333333333334 0.04722222222222222
